List<String> data = Arrays.asList(
    "Female,80.0,25.19,140,6.6,1,0,0",
    "Female,54.0,27.32,80,6.6,0,0,0",
    "Male,28.0,27.32,158,5.7,0,0,0",
    "Female,36.0,23.45,155,5.0,0,0,0",
    "Male,76.0,20.14,155,4.8,1,1,0",
    "Female,20.0,27.32,85,6.6,0,0,0",
    "Female,44.0,19.31,200,6.5,0,0,1",
    "Female,79.0,23.86,85,5.7,0,0,0",
    "Male,42.0,33.64,145,4.8,0,0,0",
    "Female,32.0,27.32,100,5.0,0,0,0",
    "Female,53.0,27.32,85,6.1,0,0,0",
    "Female,54.0,54.7,100,6.0,0,0,0",
    "Female,78.0,36.05,130,5.0,0,0,0",
    "Female,67.0,25.69,200,5.8,0,0,0",
    "Female,76.0,27.32,160,5.0,0,0,0",
    "Male,78.0,27.32,126,6.6,0,0,0",
    "Male,15.0,30.36,200,6.1,0,0,0",
    "Female,42.0,24.48,158,5.7,0,0,0",
    "Female,42.0,27.32,80,5.7,0,0,0",
    "Male,37.0,25.72,159,3.5,0,0,0",
    "Male,40.0,36.38,90,6.0,0,0,0",
    "Male,5.0,18.8,85,6.2,0,0,0",
    "Female,69.0,21.24,85,4.8,0,0,0",
    "Female,72.0,27.94,130,6.5,0,1,0",
    "Female,4.0,13.99,140,4.0,0,0,0",
    "Male,30.0,33.76,126,6.1,0,0,0",
    "Male,67.0,27.32,200,6.5,0,1,1",
    "Male,40.0,27.85,80,5.8,0,0,0",
    "Male,45.0,26.47,158,4.0,1,0,0",
    "Male,43.0,26.08,155,6.1,0,0,0",
    "Female,53.0,31.75,200,4.0,0,0,0",
    "Male,50.0,25.15,145,4.0,0,0,0",
    "Female,41.0,22.01,126,6.2,0,0,0",
    "Female,20.0,22.19,100,3.5,0,0,0",
    "Female,76.0,23.55,85,5.0,0,0,0",
    "Male,5.0,15.1,85,5.8,0,0,0",
    "Female,15.0,21.76,130,4.5,0,0,0",
    "Female,26.0,21.22,200,6.6,0,0,0",
    "Male,50.0,27.32,260,5.7,1,0,1",
    "Female,34.0,56.43,200,6.2,0,0,0",
    "Male,73.0,25.91,160,9.0,0,0,1",
    "Male,5.0,27.32,130,6.6,0,0,0",
    "Female,77.0,32.02,159,5.0,1,1,0",
    "Female,66.0,29.3,159,4.8,0,0,0",
    "Female,67.0,27.32,160,3.5,0,0,0",
    "Female,44.0,24.93,100,6.1,0,0,0",
    "Female,29.0,19.95,90,5.0,0,0,0",
    "Female,60.0,18.03,159,4.0,0,0,0",
    "Female,38.0,28.27,155,6.2,0,0,0",
    "Female,3.0,19.27,100,6.5,0,0,0",
    "Male,57.0,27.32,155,6.1,0,0,0",
    "Female,26.0,27.32,200,4.0,0,0,0",
    "Female,74.0,28.12,100,5.0,0,0,0",
    "Female,53.0,27.32,159,7.0,0,0,1",
    "Female,45.0,23.05,130,4.8,1,0,0",
    "Male,50.0,37.16,159,9.0,0,0,1",
    "Male,30.0,27.32,140,6.6,0,0,0",
    "Female,19.0,23.35,155,3.5,0,0,0",
    "Male,46.0,24.41,140,5.0,0,0,0"
);

List<String> dataPart2 = Arrays.asList(
    "Female,35.0,24.89,158,5.1,0,0,0",
    "Female,66.0,26.51,155,6.2,0,0,0",
    "Female,36.0,35.24,126,6.5,0,0,1",
    "Female,39.0,24.23,140,5.0,0,0,0",
    "Male,40.0,23.88,90,4.8,0,0,0",
    "Female,47.0,36.0,200,6.2,0,0,0",
    "Female,2.0,17.41,145,5.8,0,0,0",
    "Male,41.0,29.44,130,6.1,0,0,0",
    "Female,50.0,25.29,200,6.6,0,0,0",
    "Female,31.0,24.31,155,6.5,0,0,0",
    "Female,25.0,23.98,130,5.7,0,0,0",
    "Male,25.0,26.98,155,5.0,0,0,0",
    "Female,54.0,34.85,200,6.6,0,0,0",
    "Male,55.0,29.79,140,6.1,0,0,0",
    "Female,30.0,19.38,155,5.0,0,0,0",
    "Female,38.0,23.79,130,6.2,0,0,0",
    "Female,30.0,28.78,155,5.8,0,0,0",
    "Female,32.0,24.75,200,5.0,0,0,0",
    "Female,21.0,24.86,155,6.2,0,0,0",
    "Male,41.0,21.84,158,6.1,0,0,0",
    "Female,52.0,38.32,126,5.7,0,0,0",
    "Female,55.0,27.32,200,6.6,0,0,0",
    "Female,42.0,36.47,200,5.6,0,0,0",
    "Female,26.0,29.69,200,5.0,0,0,0",
    "Female,67.0,28.55,90,5.0,0,0,0",
    "Female,38.0,23.56,130,5.7,0,0,0",
    "Male,49.0,25.73,200,4.8,0,0,0",
    "Female,35.0,24.58,126,6.5,0,0,1",
    "Male,61.0,25.08,158,6.6,0,0,0",
    "Male,63.0,27.32,158,4.8,0,0,0",
    "Female,32.0,24.25,158,5.0,0,0,0",
    "Female,40.0,29.41,130,6.2,0,0,0",
    "Male,34.0,33.72,155,5.8,0,0,0",
    "Male,55.0,22.89,126,6.1,0,0,0",
    "Female,24.0,27.32,126,6.6,0,0,0",
    "Male,35.0,27.32,130,6.0,0,0,0",
    "Female,65.0,30.88,158,6.2,0,0,0",
    "Male,48.0,22.93,85,6.6,0,0,0",
    "Male,52.0,30.72,140,6.2,0,0,0",
    "Male,35.0,27.25,159,6.1,0,0,0"
);
